#num 	 res 	      Helix      Beta       Coil       PPII  SS 
143 	 T 	      0.034      0.069      0.703      0.194 C
144 	 D 	      0.062      0.031      0.744      0.163 C
145 	 E 	      0.090      0.011      0.753      0.146 C
146 	 E 	      0.090      0.003      0.781      0.127 C
147 	 Q 	      0.089      0.004      0.781      0.127 C
148 	 A 	      0.096      0.006      0.756      0.141 C
149 	 I 	      0.086      0.010      0.753      0.150 C
150 	 S 	      0.057      0.010      0.806      0.127 C
151 	 R 	      0.048      0.009      0.836      0.107 C
152 	 V 	      0.045      0.006      0.836      0.113 C
153 	 L 	      0.043      0.004      0.803      0.149 C
154 	 E 	      0.034      0.002      0.772      0.191 C
155 	 A 	      0.033      0.004      0.763      0.200 C
156 	 S 	      0.029      0.008      0.778      0.186 C
157 	 I 	      0.029      0.011      0.769      0.190 C
158 	 A 	      0.022      0.008      0.758      0.212 C
159 	 E 	      0.018      0.005      0.751      0.226 C
160 	 N 	      0.014      0.002      0.762      0.222 C
