#num 	 res 	      Helix      Beta       Coil       PPII  SS 
29 	 M 	      0.015      0.093      0.687      0.205 C
30 	 S 	      0.010      0.185      0.602      0.203 C
31 	 E 	      0.000
32 	 E 	      0.000
33 	 D 	      0.000 
34 	 M 	      0.021      0.011      0.931      0.036 C
35 	 L 	      0.046      0.012      0.870      0.072 C
36 	 Q 	      0.080      0.007      0.805      0.108 C
37 	 A 	      0.103      0.004      0.766      0.128 C
38 	 A 	      0.093      0.003      0.783      0.120 C
39 	 V 	      0.061      0.004      0.809      0.126 C
40 	 T 	      0.030      0.006      0.804      0.160 C
41 	 M 	      0.020      0.009      0.787      0.184 C
42 	 S 	      0.022      0.012      0.753      0.212 C
43 	 L 	      0.029      0.014      0.753      0.205 C
44 	 E 	      0.020      0.012      0.797      0.171 C
45 	 T 	      0.012      0.015      0.790      0.184 C
46 	 V 	      0.006      0.018      0.788      0.189 C
