#num 	 res 	      Helix      Beta       Coil       PPII  SS 
98 	 H 	      0.013      0.058      0.698      0.231 C
99 	 D 	      0.012      0.052      0.726      0.209 C
100 	 N 	      0.015      0.034      0.751      0.200 C
101 	 K 	      0.026      0.024      0.771      0.180 C
102 	 D 	      0.066      0.018      0.779      0.137 C
103 	 D 	      0.151      0.010      0.742      0.097 C
104 	 L 	      0.260      0.003      0.675      0.061 C
105 	 Q 	      0.322      0.000      0.615      0.062 C
106 	 A 	      0.347      0.001      0.567      0.086 C
107 	 A 	      0.336      0.001      0.565      0.098 C
108 	 I 	      0.277      0.002      0.612      0.109 C
109 	 A 	      0.230      0.001      0.664      0.105 C
110 	 L 	      0.210      0.001      0.683      0.106 C
111 	 S 	      0.142      0.001      0.734      0.123 C
112 	 L 	      0.092      0.003      0.757      0.148 C
113 	 L 	      0.057      0.012      0.766      0.165 C
114 	 E 	      0.030      0.045      0.730      0.194 C
115 	 S 	      0.011      0.093      0.701      0.195 C
