#num 	 res 	      Helix      Beta       Coil       PPII  SS 
24 	 E 	      0.000 
25 	 D 	      0.287      0.004      0.644      0.064 C
26 	 E 	      0.501      0.002      0.436      0.061 H
27 	 E 	      0.579      0.001      0.361      0.058 H
28 	 A 	      0.667      0.000      0.300      0.033 H
29 	 D 	      0.677      0.000      0.310      0.013 H
30 	 L 	      0.809      0.000      0.186      0.004 H
31 	 R 	      0.896      0.000      0.099      0.004 H
32 	 R 	      0.931      0.000      0.063      0.005 H
33 	 A 	      0.935      0.001      0.061      0.004 H
34 	 I 	      0.946      0.000      0.052      0.003 H
35 	 Q 	      0.912      0.000      0.084      0.003 H
36 	 L 	      0.775      0.001      0.213      0.011 H
37 	 S 	      0.531      0.005      0.430      0.034 H
38 	 M 	      0.300      0.027      0.593      0.080 C
39 	 Q 	      0.150      0.068      0.633      0.148 C
40 	 G 	      0.082      0.112      0.585      0.221 C
41 	 S 	      0.042      0.093      0.602      0.263 C
