#num 	 res 	      Helix      Beta       Coil       PPII  SS 
66 	 E 	      0.041      0.032      0.696      0.232 C
67 	 D 	      0.106      0.016      0.647      0.230 C
68 	 E 	      0.249      0.009      0.566      0.177 C
69 	 E 	      0.415      0.003      0.470      0.111 C
70 	 A 	      0.629      0.001      0.319      0.051 H
71 	 D 	      0.734      0.001      0.241      0.025 H
72 	 L 	      0.781      0.000      0.204      0.015 H
73 	 R 	      0.796      0.000      0.193      0.012 H
74 	 R 	      0.797      0.000      0.191      0.011 H
75 	 A 	      0.760      0.001      0.228      0.012 H
76 	 I 	      0.655      0.001      0.332      0.012 H
77 	 Q 	      0.492      0.001      0.500      0.007 C
78 	 L 	      0.369      0.000      0.626      0.004 C
79 	 S 	      0.226      0.000      0.771      0.003 C
80 	 M 	      0.000
81 	 Q 	      0.000
82 	 G 	      0.216      0.055      0.583      0.147 C
83 	 S 	      0.197      0.027      0.685      0.091 C
