#num     res          Helix      Beta       Coil       PPII  SS 
244 	 E 	      0.037      0.005      0.911      0.046 C
245 	 D 	      0.112      0.003      0.837      0.048 C
246 	 E 	      0.261      0.002      0.704      0.033 C
247 	 E 	      0.418      0.001      0.564      0.017 C
248 	 A 	      0.640      0.000      0.355      0.006 H
249 	 D 	      0.774      0.000      0.225      0.002 H
250 	 L 	      0.833      0.000      0.167      0.000 H
251 	 R 	      0.847      0.000      0.152      0.000 H
252 	 R 	      0.821      0.000      0.178      0.001 H
253 	 A 	      0.735      0.000      0.264      0.001 H
254 	 I 	      0.598      0.000      0.400      0.002 H
255 	 Q 	      0.484      0.000      0.515      0.002 C
256 	 L 	      0.380      0.000      0.618      0.002 C
257 	 S 	      0.226      0.000      0.768      0.006 C
258 	 M 	      0.132      0.017      0.822      0.030 C
259 	 Q 	      0.080      0.050      0.797      0.073 C
260 	 G 	      0.077      0.091      0.712      0.119 C
261 	 S 	      0.047      0.077      0.757      0.119 C
