#num 	 res 	      Helix      Beta       Coil       PPII  SS 
46 	 D 	      0.015      0.038      0.673      0.274 C
47 	 E 	      0.029      0.032      0.670      0.268 C
48 	 D 	      0.086      0.025      0.663      0.226 C
49 	 E 	      0.202      0.015      0.615      0.168 C
50 	 E 	      0.386      0.008      0.502      0.104 C
51 	 D 	      0.579      0.005      0.362      0.055 H
52 	 L 	      0.763      0.002      0.214      0.021 H
53 	 Q 	      0.861      0.001      0.133      0.006 H
54 	 R 	      0.864      0.000      0.132      0.004 H
55 	 A 	      0.811      0.001      0.179      0.010 H
56 	 L 	      0.690      0.001      0.288      0.021 H
57 	 A 	      0.531      0.002      0.425      0.042 H
58 	 L 	      0.364      0.005      0.553      0.078 C
59 	 S 	      0.174      0.008      0.702      0.116 C
60 	 R 	      0.061      0.008      0.794      0.138 C
61 	 Q 	      0.016      0.012      0.831      0.142 C
62 	 E 	      0.016      0.030      0.777      0.176 C
63 	 I 	      0.020      0.057      0.736      0.186 C
