#num 	 res 	      Helix      Beta       Coil       PPII  SS 
4 	 D 	      0.200      0.022      0.606      0.172 C
5 	 E 	      0.245      0.014      0.576      0.165 C
6 	 D 	      0.297      0.011      0.547      0.146 C
7 	 E 	      0.408      0.008      0.453      0.131 C
8 	 E 	      0.661      0.004      0.264      0.072 H
9 	 D 	      0.848      0.001      0.125      0.026 H
10 	 L 	      0.934      0.000      0.063      0.003 H
11 	 Q 	      0.933      0.000      0.066      0.001 H
12 	 R 	      0.913      0.000      0.085      0.002 H
13 	 A 	      0.920      0.000      0.076      0.003 H
14 	 L 	      0.933      0.000      0.063      0.004 H
15 	 A 	      0.890      0.000      0.102      0.008 H
16 	 L 	      0.748      0.000      0.233      0.019 H
17 	 S 	      0.553      0.001      0.410      0.036 H
18 	 R 	      0.421      0.001      0.520      0.058 C
19 	 Q 	      0.366      0.003      0.552      0.079 C
20 	 E 	      0.266      0.008      0.615      0.111 C
21 	 I 	      0.148      0.014      0.704      0.133 C
