#num 	 res 	      Helix      Beta       Coil       PPII  SS 
91       E            0.0
92 	 D 	      0.023      0.000      0.868      0.108 C
93 	 E 	      0.030      0.000      0.890      0.080 C
94 	 E 	      0.043      0.000      0.915      0.042 C
95 	 E 	      0.105      0.000      0.875      0.020 C
96 	 L 	      0.246      0.000      0.744      0.010 C
97 	 I 	      0.363      0.000      0.624      0.013 C
98 	 R 	      0.390      0.000      0.594      0.015 C
99 	 K 	      0.286      0.000      0.687      0.027 C
100 	 A 	      0.255      0.000      0.703      0.042 C
101 	 I 	      0.295      0.001      0.661      0.043 C
102 	 E 	      0.279      0.000      0.692      0.029 C
103 	 L 	      0.202      0.000      0.771      0.027 C
104 	 S 	      0.100      0.000      0.858      0.043 C
105 	 L 	      0.041      0.000      0.885      0.074 C
106 	 K 	      0.019      0.001      0.897      0.083 C
107 	 E 	      0.015      0.003      0.885      0.098 C
108 	 S 	      0.008      0.010      0.863      0.120 C
