#num 	 res 	      Helix      Beta       Coil       PPII  SS 
335 	 M 	      0.025      0.072      0.841      0.062 C
336 	 S 	      0.091      0.104      0.755      0.050 C
337 	 E 	      0.203      0.063      0.703      0.030 C
338 	 E 	      0.274      0.022      0.688      0.016 C
339 	 D 	      0.274      0.001      0.718      0.007 C
340 	 M 	      0.228      0.001      0.766      0.004 C
341 	 L 	      0.186      0.001      0.807      0.006 C
342 	 Q 	      0.119      0.000      0.867      0.014 C
343 	 A 	      0.077      0.000      0.902      0.021 C
344 	 A 	      0.045      0.001      0.935      0.019 C
345 	 V 	      0.026      0.003      0.952      0.020 C
346 	 T 	      0.014      0.005      0.951      0.030 C
347 	 M 	      0.014      0.005      0.940      0.041 C
348 	 S 	      0.012      0.005      0.926      0.057 C
349 	 L 	      0.012      0.006      0.925      0.057 C
350 	 E 	      0.008      0.008      0.936      0.048 C
351 	 T 	      0.004      0.011      0.940      0.045 C
352 	 V 	      0.001      0.009      0.942      0.048 C
