#num 	 res 	      Helix      Beta       Coil       PPII  SS 
170 	 K 	      0.044      0.054      0.666      0.236 C
171 	 K 	      0.082      0.036      0.694      0.188 C
172 	 E 	      0.111      0.016      0.711      0.162 C
173 	 E 	      0.137      0.008      0.706      0.149 C
174 	 E 	      0.214      0.006      0.645      0.135 C
175 	 D 	      0.373      0.004      0.529      0.093 C
176 	 L 	      0.571      0.002      0.373      0.054 H
177 	 A 	      0.641      0.001      0.314      0.044 H
178 	 K 	      0.589      0.001      0.352      0.059 H
179 	 A 	      0.550      0.001      0.393      0.056 H
180 	 I 	      0.545      0.001      0.403      0.051 H
181 	 E 	      0.551      0.001      0.405      0.042 H
182 	 L 	      0.551      0.001      0.404      0.044 H
183 	 S 	      0.464      0.002      0.480      0.054 C
184 	 L 	      0.367      0.003      0.562      0.069 C
185 	 K 	      0.229      0.003      0.693      0.075 C
186 	 E 	      0.113      0.008      0.776      0.103 C
187 	 Q 	      0.040      0.017      0.793      0.150 C
