#num 	 res 	      Helix      Beta       Coil       PPII  SS 
116 	 G 	      0.027      0.070      0.656      0.248 C
117 	 D 	      0.030      0.063      0.707      0.201 C
118 	 D 	      0.039      0.034      0.745      0.182 C
119 	 K 	      0.085      0.014      0.750      0.151 C
120 	 D 	      0.214      0.009      0.670      0.107 C
121 	 D 	      0.452      0.006      0.481      0.062 C
122 	 L 	      0.677      0.002      0.295      0.026 H
123 	 Q 	      0.797      0.000      0.192      0.010 H
124 	 R 	      0.803      0.000      0.188      0.009 H
125 	 A 	      0.785      0.000      0.200      0.015 H
126 	 I 	      0.717      0.001      0.260      0.023 H
127 	 A 	      0.664      0.000      0.310      0.026 H
128 	 L 	      0.605      0.000      0.361      0.033 H
129 	 S 	      0.537      0.000      0.421      0.042 H
130 	 L 	      0.471      0.000      0.473      0.055 C
131 	 A 	      0.391      0.000      0.545      0.064 C
132 	 E 	      0.292      0.000      0.631      0.077 C
133 	 S 	      0.211      0.001      0.708      0.080 C
