#num 	 res 	      Helix      Beta       Coil       PPII  SS 
8 	 N 	      0.028      0.062      0.866      0.044 C
9 	 K 	      0.049      0.041      0.879      0.031 C
10 	 E 	      0.058      0.025      0.893      0.024 C
11 	 D 	      0.072      0.023      0.887      0.017 C
12 	 E 	      0.125      0.014      0.847      0.013 C
13 	 D 	      0.219      0.006      0.767      0.008 C
14 	 I 	      0.328      0.002      0.664      0.006 C
15 	 A 	      0.342      0.001      0.649      0.008 C
16 	 K 	      0.301      0.001      0.685      0.013 C
17 	 A 	      0.267      0.000      0.722      0.011 C
18 	 I 	      0.294      0.000      0.699      0.006 C
19 	 E 	      0.324      0.000      0.673      0.003 C
20 	 L 	      0.437      0.000      0.561      0.002 C
21 	 S 	      0.448      0.000      0.551      0.001 C
22 	 L 	      0.452      0.000      0.547      0.001 C
23 	 Q 	      0.310      0.000      0.688      0.002 C
24 	 E 	      0.158      0.001      0.835      0.006 C
25 	 Q 	      0.048      0.002      0.934      0.016 C
