#num 	 res 	      Helix      Beta       Coil       PPII  SS 
93 	 H 	      0.015      0.045      0.718      0.222 C
94 	 D 	      0.014      0.042      0.739      0.205 C
95 	 N 	      0.021      0.029      0.752      0.198 C
96 	 K 	      0.037      0.020      0.764      0.178 C
97 	 D 	      0.100      0.014      0.750      0.136 C
98 	 D 	      0.227      0.007      0.674      0.092 C
99 	 L 	      0.376      0.002      0.566      0.057 C
100 	 Q 	      0.413      0.001      0.527      0.059 C
101 	 A 	      0.383      0.001      0.528      0.087 C
102 	 A 	      0.331      0.002      0.552      0.114 C
103 	 I 	      0.294      0.002      0.567      0.138 C
104 	 A 	      0.255      0.002      0.600      0.143 C
105 	 L 	      0.245      0.001      0.637      0.117 C
106 	 S 	      0.170      0.001      0.720      0.109 C
107 	 L 	      0.109      0.002      0.767      0.122 C
108 	 L 	      0.063      0.010      0.782      0.145 C
109 	 E 	      0.031      0.024      0.737      0.208 C
110 	 S 	      0.011      0.037      0.686      0.267 C
