#num     res          Helix      Beta       Coil       PPII  SS 
224 	 D 	      0.005      0.012      0.907      0.076 C
225 	 E 	      0.013      0.008      0.909      0.070 C
226 	 D 	      0.057      0.004      0.889      0.050 C
227 	 E 	      0.135      0.002      0.829      0.034 C
228 	 E 	      0.307      0.001      0.671      0.021 C
229 	 D 	      0.000
230 	 L 	      0.802      0.000      0.196      0.001 H
231 	 Q 	      0.834      0.000      0.166      0.000 H
232 	 R 	      0.785      0.000      0.215      0.000 H
233 	 A 	      0.738      0.000      0.261      0.001 H
234 	 L 	      0.629      0.000      0.370      0.002 H
235 	 A 	      0.482      0.000      0.515      0.003 C
236 	 L 	      0.299      0.000      0.693      0.007 C
237 	 S 	      0.125      0.000      0.855      0.020 C
238 	 R 	      0.031      0.001      0.930      0.039 C
239 	 Q 	      0.003      0.001      0.944      0.052 C
240 	 E 	      0.004      0.004      0.942      0.050 C
241 	 I 	      0.005      0.008      0.948      0.039 C
