#num 	 res 	      Helix      Beta       Coil       PPII  SS 
11 	 M 	      0.084      0.026      0.668      0.221 C
12 	 T 	      0.307      0.030      0.466      0.197 C
13 	 E 	      0.669      0.017      0.214      0.100 H
14 	 E 	      0.899      0.005      0.064      0.031 H
15 	 E 	      0.970      0.000      0.029      0.001 H
16 	 Q 	      0.952      0.000      0.046      0.001 H
17 	 F 	      0.922      0.000      0.076      0.002 H
18 	 A 	      0.922      0.000      0.076      0.002 H
19 	 L 	      0.908      0.000      0.091      0.002 H
20 	 A 	      0.896      0.000      0.102      0.002 H
21 	 L 	      0.869      0.000      0.128      0.003 H
22 	 K 	      0.817      0.002      0.172      0.009 H
23 	 M 	      0.702      0.005      0.269      0.024 H
24 	 S 	      0.507      0.008      0.442      0.043 H
25 	 E 	      0.322      0.005      0.614      0.060 C
26 	 Q 	      0.180      0.002      0.735      0.083 C
27 	 E 	      0.118      0.000      0.750      0.131 C
28 	 A 	      0.075      0.001      0.764      0.160 C
