#num 	 res 	      Helix      Beta       Coil       PPII  SS 
36 	 E 	      0.394      0.001      0.574      0.030 C
37 	 E 	      0.440      0.001      0.549      0.010 C
38 	 E 	      0.542      0.000      0.456      0.002 H
39 	 E 	      0.659      0.000      0.340      0.001 H
40 	 E 	      0.775      0.000      0.224      0.000 H
41 	 L 	      0.857      0.000      0.142      0.000 H
42 	 L 	      0.802      0.000      0.196      0.002 H
43 	 R 	      0.000
44 	 K 	      0.584      0.001      0.409      0.006 H
45 	 A 	      0.730      0.001      0.262      0.006 H
46 	 I 	      0.758      0.001      0.228      0.013 H
47 	 A 	      0.684      0.001      0.287      0.028 H
48 	 E 	      0.538      0.001      0.411      0.049 H
49 	 S 	      0.406      0.003      0.533      0.058 C
50 	 L 	      0.261      0.005      0.669      0.065 C
51 	 N 	      0.145      0.007      0.760      0.088 C
52 	 S 	      0.083      0.006      0.791      0.120 C
53 	 C 	      0.000 
